run                            nit eps<1e-5   1e-6   1e-7  ws<1e-8  1e-10  1e-12 ws=0(<1e-14)  sec/it  fnmv/it
N16_4x4_and_m3                  54       24     32     42       28     28     28           28     0.0     54.4
N20_and_m3                      70       23     32     49       39     58     59           59     0.0    137.3
N24_4x6_and_m3                  82       38     52     66       54     67     67           78     2.3    159.0
N28_and_m3                     171       37     56     90       70    134    170          171     5.0     22.4
N32_and_m3                     109       32     42     50       42     54     87          109     6.0     23.7
N36_6x6_and_m3                 168       45     57     68       60     73     94          168    39.7     23.1
N16_4x4_plain                  286       58    104    142      100    100    100          100     0.0     44.3
N20_plain                      333       45     87    175      125    223    224          224     0.0    149.1
N24_4x6_plain                  469       49     82    150       89    160    160          469     2.9    204.4
N28_plain                      664       46     88    159      116    326    663          664     3.6     18.1
N32_plain                      986       51     84    130       95    177    576          986     4.0     15.3
N36_6x6_plain(partial)         291       61     99    153      123    202   None         None    43.0     26.4
N36_6x6_plain (final, job 16818106): nit 1982; eps<1e-6 at 99; ws<1e-8 at 123; ws<1e-12 at 496; ws<1e-14 at 1982
